2.099692804474084
2.0695636836268125
2.0371658593003046
2.016431242214565
2.0084672765622105
2.0085821513434636
2.0125004629748418
2.017519401286452
2.022096330109064
2.0255318807606546
2.0277464495707407
2.0290127014233157
2.0297006529612744
2.030121632889721
2.030480916657151
2.030893159093116
2.031410779695216
2.0320374194078514
2.032720324891608
2.033325139707395
2.0335923403138567
2.033060586466198
2.0309253917504404
2.0257899762477
2.01527604031104
1.9955427350366044
1.9609978876321839
1.9048605201815698
1.8211411371994326
1.706765190480842
1.560253810761085
1.37766539075409
1.1554300338775971
0.8986845131781569
0.6334131034281377
0.40770851192515073
0.24124895517942838
0.140775582335067
0.08783958754784654
0.0599282633852576
0.04423098317273742
